0,492
0,491
0,490
0,489
0,488
0,487
0,486
0,485
0,484
0,483
0,482
0,481
0,480
0,479
0,478
0,477
0,476
0,475
0,474
0,473
0,472
0,471
0,470
0,469
0,468
0,467
0,466
0,465
0,464
0,463
0,462
0,461
0,460
0,459
0,458
0,457
0,456
0,455
0,454
57,36
57,35
0,453
0,452
87,5
87,4
87,3
87,2
87,1
87,0
86,5
86,4
86,3
86,2
86,1
86,0
85,5
85,4
85,3
85,2
85,1
85,0
84,4
84,3
84,2
84,1
84,0
83,7
83,6
83,5
0,451
0,450
83,4
83,3
83,2
83,1
83,0
82,4
82,3
82,2
82,1
82,0
81,4
81,3
81,2
81,1
81,0
14,12
80,7
80,6
80,5
80,4
80,3
80,2
80,1
80,0
14,11
79,4
79,3
79,2
79,1
79,0
78,4
78,3
78,2
78,1
78,0
77,6
77,5
77,4
77,3
77,2
77,1
77,0
14,10
76,3
76,2
76,1
76,0
75,3
75,2
75,1
75,0
74,11
74,10
74,9
74,8
74,7
74,6
74,5
74,4
74,3
74,2
74,1
74,0
73,6
73,5
73,4
73,3
73,2
73,1
73,0
14,9
72,5
72,4
72,3
72,2
72,1
72,0
71,5
71,4
71,3
71,2
71,1
71,0
14,8
